              precision    recall  f1-score   support

           0       0.99      0.99      0.99       537
           1       0.88      0.86      0.87       491
           2       0.88      0.90      0.89       532
           3       0.88      0.96      0.92       496
           4       0.92      0.84      0.88       420
           5       0.92      0.90      0.91       471

    accuracy                           0.91      2947
   macro avg       0.91      0.91      0.91      2947
weighted avg       0.91      0.91      0.91      2947
