              precision    recall  f1-score   support

           0       0.99      1.00      1.00       537
           1       0.95      0.90      0.92       491
           2       0.92      0.95      0.93       532
           3       0.95      0.96      0.96       496
           4       0.97      0.92      0.95       420
           5       0.91      0.95      0.93       471

    accuracy                           0.95      2947
   macro avg       0.95      0.95      0.95      2947
weighted avg       0.95      0.95      0.95      2947
