              precision    recall  f1-score   support

           0       0.99      0.99      0.99       537
           1       0.92      0.85      0.88       491
           2       0.88      0.94      0.91       532
           3       0.92      0.96      0.94       496
           4       0.97      0.90      0.94       420
           5       0.93      0.94      0.93       471

    accuracy                           0.93      2947
   macro avg       0.94      0.93      0.93      2947
weighted avg       0.93      0.93      0.93      2947
